2.88330888748
2.75069594383
2.76512908936
2.58908009529
2.84249782562
2.94963693619
2.65869808197
2.72733807564
2.67342209816
3.11582303047
2.66508388519
2.70321798325
2.93288207054
2.97159409523
2.74816203117
2.72748994827
2.99011301994
3.16490602493
3.13346505165
2.86253905296
2.74058198929
3.03408384323
3.00866293907
2.92653489113
2.96182394028
3.05546593666
2.85780596733
2.6425049305
2.61259222031
2.53894805908
2.55250406265
2.75800490379
2.96908593178
2.72216796875
2.70762085915
2.71773886681
3.23738503456
3.68077492714
3.71241903305
2.81407904625
2.74261903763
2.78261899948
2.77670693398
3.04273915291
2.74487113953
2.86395597458
2.82580304146
2.77509903908
2.74866199493
2.86609601974
3.12437391281
2.73994684219
2.72832679749
2.91172099113
2.75698900223
2.71452307701
2.95987296104
2.80656003952
2.690128088
2.68928408623
2.69335603714
2.70167183876
3.27641987801
2.81579899788
3.24640989304
2.75400686264
2.75027394295
2.8408639431
2.86664199829
2.69925713539
2.69596791267
2.69163799286
2.68492412567
2.7422580719
2.85377001762
3.68016195297
3.19979119301
2.90816402435
3.1021490097
2.70456600189
2.70790815353
2.96952104568
2.90936589241
3.26199221611
3.06516909599
3.16882014275
3.15234899521
2.58001112938
2.54877090454
2.52116990089
2.62054800987
2.6173479557
2.86764192581
2.76237297058
3.19916987419
3.00303578377
2.98598098755
2.63253617287
2.52570009232
2.55801987648
2.54333090782
2.53379106522
2.74595618248
2.54615592957
2.53582382202
2.61853098869
2.52821087837
2.53114795685
2.54340291023
2.53551697731
2.76359510422
3.10667896271
2.812926054
2.93250894547
2.94530296326
3.11581516266
3.6968319416
2.6350338459
2.58354687691
2.59342312813
2.60782694817
2.72283005714
2.84624195099
2.67115616798
3.13418984413
2.93226885796
2.64775514603
3.02506899834
2.7786359787
2.56000304222
2.6214261055
2.75229597092
2.87400484085
3.87555885315
3.85074615479
3.44172501564
2.76568102837
3.24665212631
4.10354113579
3.1260831356
4.05487585068
4.57008004189
4.40490102768
2.44186711311
2.47154307365
2.85302305222
2.92176914215
2.63883090019
2.7462618351
2.53668284416
2.56462597847
3.14612007141
2.89894223213
3.18405008316
2.7425429821
2.56025409698
2.59572315216
2.5584499836
2.54458284378
2.85012888908
3.17263293266
2.94200801849
2.71505904198
2.61730217934
2.64607715607
2.56735610962
2.59022498131
2.57888793945
2.5884039402
2.58187389374
2.58171510696
2.58343195915
2.57628512383
2.56891202927
2.57291197777
2.56720900536
2.56203007698
2.58427000046
2.56429982185
2.56606411934
2.54225802422
2.56215310097
2.56333398819
2.55547094345
2.57548117638
2.56676888466
2.56164884567
2.54351806641
2.5802128315
2.64523005486
2.61285114288
2.58569407463
2.88139677048
2.86975502968
2.68567991257
2.68052697182
2.67834401131
2.67914795876
2.7316031456
2.67237687111
2.68810296059
2.68785595894
2.68135499954
2.67686200142
2.69150209427
2.74751806259
2.84773516655
2.70127511024
2.71112394333
2.78676605225
2.73899006844
2.6296749115
2.60251712799
2.55865097046
2.5786690712
2.55802679062
2.5706949234
2.57351112366
2.55980420113
2.56062912941
2.58992600441
2.57525205612
2.58390188217
2.56422400475
2.61711502075
2.57874393463
2.56762003899
2.56935310364
2.55917787552
2.72413611412
2.87796115875
3.2346560955
2.71833109856
2.52368187904
2.94172787666
3.01152992249
3.40258598328
2.85139298439
2.92708516121
2.56088900566
2.708796978
2.70668888092
3.34261488914
2.7151119709
2.54723310471
2.54237008095
2.54051995277
2.50532793999
2.56019496918
3.11992907524
2.94011187553
2.85022902489
2.78581190109
2.68769407272
2.77881097794
2.77687478065
3.23676109314
2.92116713524
3.00697302818
2.76070594788
2.69271993637
2.80124998093
2.86817598343
3.10787415504
3.6400949955
2.92239403725
2.68150877953
2.54537796974
2.53556704521
2.52520298958
2.5144739151
2.55897784233
2.9264960289
3.05082583427
3.06213188171
2.72220110893
2.72994494438
2.62959194183
2.80309510231
2.72175002098
2.75226712227
2.84523391724
2.6292488575
2.59541511536
2.62427806854
2.59066414833
2.6661169529
2.6905310154
2.70178508759
2.82375478745
2.90529513359
2.96598100662
2.76602816582
2.79418206215
3.01910305023
2.61183905602
2.57599592209
2.57473492622
2.77036309242
3.02338314056
2.61991000175
2.56925988197
2.63870286942
2.57455992699
2.57166790962
2.58382797241
2.54757523537
2.54851698875
2.58723092079
2.571352005
2.56082892418
2.86422991753
3.06327795982
3.35386919975
3.03050994873
3.08562397957
3.44785284996
2.7206158638
2.6229929924
2.58860707283
2.59733390808
2.59060788155
2.56478381157
2.55826807022
2.57928013802
2.54925107956
2.5543589592
2.59258294106
2.57289505005
2.56456899643
2.55638194084
2.58631706238
2.58300900459
2.56580901146
2.56402015686
2.57506585121
2.66408896446
2.55490708351
2.57276797295
2.69800806046
3.19508314133
3.44027113914
2.99998307228
3.14308905602
2.81388092041
2.60973191261
2.5844669342
2.56436181068
2.55611205101
2.58975410461
2.58697295189
2.75487399101
2.81724381447
2.76486706734
2.7916200161
2.7613928318
2.54967808723
2.53704309464
2.55471920967
2.5360250473
2.63637804985
2.81884288788
3.40598392487
3.99438381195
2.93448185921
3.30670118332
2.72072601318
2.5819029808
2.54754590988
2.6073679924
2.54865598679
2.56490707397
2.53568291664
2.55001187325
2.53936195374
2.5432369709
2.54887104034
2.55799198151
2.5283370018
2.53385615349
2.53944396973
2.54958200455
2.54410386086
2.53214406967
2.54614520073
2.54175901413
2.96007800102
4.78496098518
2.87754678726
2.78705096245
2.90053009987
3.32818698883
3.21055006981
2.94831109047
2.73290395737
2.97112107277
2.90999603271
2.85425496101
2.78168201447
3.07892894745
2.93531012535
2.83474493027
2.69945311546
2.57157897949
2.57885098457
2.57019686699
2.58684897423
2.56931710243
2.5855588913
2.56100106239
2.55193209648
2.55603194237
2.56038403511
2.56261110306
2.55625200272
2.56979894638
2.57441306114
2.56108283997
2.5654489994
2.58425498009
2.5624229908
2.71606087685
2.59863686562
2.57924795151
2.57773399353
2.56753206253
2.63139200211
2.58921790123
2.55467009544
2.55005383492
2.55962109566
2.59104013443
2.56948494911
2.55140399933
2.557929039
2.55701804161
2.58022904396
2.56834292412
2.56806302071
2.55310797691
2.59268021584
2.57551407814
2.54702687263
2.56763100624
2.55869698524
2.54119420052
2.5527279377
2.56538295746
2.54466414452
2.54956102371
2.55849599838
2.55944800377
2.59109997749
2.56258201599
2.57459902763
2.56434702873
2.60859799385
2.55435800552
2.53728294373
2.5561029911
2.56492400169
2.55852890015
2.55742287636
2.54455709457
2.55846786499
2.54628682137
2.60132908821
2.59143710136
2.5334379673
2.53034996986
2.5604660511
2.62483000755
2.58612799644
2.56252598763
2.56587505341
2.55751490593
2.58423805237
2.56818389893
2.57277202606
2.57321190834
2.56199383736
2.57369995117
2.57043504715
2.54914188385
2.55465483665
2.63868188858
2.55924391747
2.54376387596
2.5392999649
2.56071591377
2.57094502449
2.5648920536
2.57269310951
2.6275498867
2.61223292351
2.53198409081
2.54409813881
2.52683115005
2.60223197937
2.55999088287
2.55239796638
2.57758402824
2.56994104385
2.53468489647
2.55629992485
2.55842089653
2.57748293877
2.54976010323
2.5962100029
2.81385302544
3.45332312584
2.94227695465
2.58903598785
2.62779998779
2.57079100609
2.56790113449
2.56533384323
2.57556319237
2.54925203323
2.57747912407
2.54464912415
2.55578184128
2.58944702148
2.55191898346
2.57879900932
2.57464790344
2.55975317955
2.553565979
2.55687093735
2.54286599159
2.55864810944
2.57970499992
2.53835511208
3.12113213539
2.85657501221
2.62158703804
2.60708594322
2.56330513954
2.57484984398
2.69680690765
2.58832001686
2.55304884911
2.5904378891
2.55838799477
2.56961011887
2.59983301163
2.53662395477
2.58661699295
2.58212995529
2.56506609917
2.55941796303
2.56454896927
2.58280777931
2.56083106995
2.56094384193
2.7382619381
2.5783059597
2.57129597664
2.57937312126
2.58527302742
2.59071111679
2.56302404404
2.57064604759
2.56320691109
2.57600402832
2.56232595444
2.5617890358
2.55502581596
2.54638981819
2.56439709663
2.5421860218
2.58964490891
2.55645799637
2.55662322044
2.6231739521
2.55929088593
2.58072686195
2.58481693268
2.56955194473
2.54832291603
2.54048609734
2.55209898949
2.61468291283
2.56844305992
2.56830811501
2.55382990837
2.58762788773
2.56738209724
2.55975794792
2.54925513268
2.54271483421
2.55661201477
2.55957388878
2.54369282722
2.57483816147
2.56210708618
2.56223607063
2.53658699989
2.56624698639
2.54628491402
2.55722403526
2.55297803879
2.56351995468
2.54318189621
2.52544498444
2.53861904144
2.56349802017
2.53900504112
2.55105185509
2.54976892471
2.54789304733
2.56043982506
2.88414502144
2.73285889626
2.56873011589
2.59404206276
2.56410694122
2.58000993729
2.58610200882
2.57148385048
2.57738494873
2.56222105026
2.55358600616
2.56131291389
2.57855892181
2.54925489426
2.55972695351
2.55014491081
2.580753088
2.57959008217
2.56338715553
2.56576609612
2.56750798225
2.57561612129
2.62051701546
2.55995202065
2.57001495361
2.53879213333
2.56602287292
2.55512189865
2.53942298889
2.5907869339
2.56054091454
2.53731298447
2.5529358387
2.55723714828
2.53689694405
2.53760790825
2.56869292259
2.56531786919
2.5514330864
2.54284191132
2.55413293839
2.64494490623
2.56762695312
2.55805301666
2.55800199509
2.55083203316
2.63312387466
2.5807659626
2.55819201469
2.55027604103
2.54996705055
2.57864499092
2.58978104591
2.5707359314
2.54226493835
2.53751993179
2.57630896568
2.53655791283
2.56298398972
2.55655312538
2.58471512794
2.55490517616
2.58274698257
2.54221320152
2.58872818947
2.5618519783
2.55298995972
2.53408718109
2.57449412346
2.568349123
2.56190514565
2.57799005508
2.54824185371
2.56265187263
2.54344987869
2.52503395081
2.56990408897
2.54509210587
2.58626079559
2.54355192184
2.55644989014
2.55938792229
2.54641103745
2.55374693871
2.56914997101
2.5566740036
2.53518199921
2.56184506416
2.60243391991
2.58714604378
2.56695389748
2.55753493309
2.83023810387
2.94433689117
2.69110202789
2.5613079071
2.56356215477
2.54553794861
2.53461694717
2.62247681618
2.58694720268
2.53246903419
2.54490208626
2.59522819519
2.54154610634
2.5571680069
2.53293013573
2.54966807365
2.55128097534
2.54674100876
2.55979013443
2.57267785072
2.54384899139
2.5344209671
2.56266403198
2.57344293594
2.55708789825
2.57747101784
2.53764986992
2.52784991264
2.54439401627
2.53212881088
2.54803514481
2.561439991
2.56542301178
2.55891513824
2.55218601227
2.55029201508
2.56100392342
2.56443309784
2.53929281235
2.5533490181
2.55486989021
2.53428292274
2.57682204247
2.55117988586
2.56823587418
2.58775401115
2.57434606552
2.61155700684
2.60366106033
2.55201292038
2.56134080887
2.60321807861
2.58114409447
2.53988194466
2.57525682449
2.58950710297
2.57129406929
2.5483109951
2.55831885338
2.57233095169
2.56510281563
2.55315184593
2.57404613495
2.55624294281
2.57388997078
2.57403707504
2.58128190041
2.5471060276
2.55061292648
2.55432605743
2.57894206047
2.56530189514
2.56626009941
2.56175303459
2.56707501411
2.56580996513
2.55064606667
2.54562592506
2.57072782516
2.5512149334
2.56660699844
2.54411888123
2.54237413406
2.55870890617
2.54623508453
2.53729701042
2.56553697586
2.55094099045
2.58310985565
2.6800570488
2.58601713181
2.54327011108
2.56866908073
2.54156589508
2.61327385902
2.58196592331
2.59385704994
2.55255389214
2.55881309509
2.53178501129
2.57714605331
2.58362817764
2.58169412613
2.56578397751
2.563185215
2.55071091652
2.55137395859
2.56406188011
2.5733590126
2.57128882408
2.54082298279
2.54524302483
2.54349899292
2.54996681213
2.55635094643
2.56484603882
2.55815601349
2.54889297485
2.5579020977
2.54580187798
2.55646491051
2.56210303307
2.54586410522
2.54790592194
2.59660196304
2.55808019638
2.58505916595
2.59056806564
2.65581297874
2.56516599655
2.55189704895
2.56079792976
2.55105090141
2.62363290787
2.62275218964
2.55533218384
2.55712008476
2.54422283173
2.5862019062
2.60885691643
2.76593494415
2.77055311203
2.85708808899
2.58632683754
2.5778260231
2.55037403107
2.53545093536
2.59249591827
2.58624792099
2.55934405327
2.56260800362
2.56042385101
2.57088589668
2.58314490318
2.54937911034
2.5432369709
2.54349899292
2.5703728199
2.57247686386
2.56824088097
2.54663205147
2.56031894684
2.58485603333
2.5597550869
2.57913589478
2.56701302528
2.54605698586
2.55989003181
2.57863306999
2.52042794228
2.57958388329
2.59672904015
2.57194805145
2.54655098915
2.56439089775
2.54589796066
2.55187797546
2.53892302513
2.59502983093
2.53991413116
2.54486513138
2.55070304871
2.60598707199
2.57865095139
2.61930894852
2.54564499855
2.53921508789
2.57505297661
2.59635090828
2.56215500832
2.54032897949
2.55055189133
2.54293990135
2.59132599831
2.57187318802
2.56081914902
2.56225299835
2.55516600609
2.58954501152
2.55392384529
2.54287195206
2.53100609779
2.55818891525
2.70746612549
2.80400586128
2.78739380836
2.82038712502
2.71366405487
2.58833408356
2.5826318264
2.56027507782
2.56760501862
2.55546402931
2.57576584816
2.57269692421
2.54754495621
2.55376982689
2.62478804588
2.54585385323
2.56559705734
2.54640293121
2.56400895119
2.5748770237
2.6551630497
2.56301999092
2.6082110405
2.56221103668
2.56902909279
2.6082110405
2.60378408432
2.55512094498
2.55906510353
2.56992697716
2.54074192047
2.55932188034
2.52648997307
2.56039309502
2.55935907364
2.5671980381
2.55496716499
2.56738400459
2.56275892258
2.56969594955
2.57333683968
2.55524682999
2.53998708725
2.57666993141
2.53778910637
2.56353998184
2.56133890152
2.55619597435
2.6678519249
2.58232498169
2.57762384415
2.55482506752
2.54195189476
2.56236386299
2.54915904999
2.55281686783
2.54784488678
2.5432369709
2.55557990074
2.54012989998
2.58531880379
2.56071710587
2.53317403793
2.53380084038
2.5478310585
2.56895899773
2.55185389519
2.52950787544
2.54177713394
2.55104017258
2.57469892502
2.54651498795
2.61321902275
2.59116888046
2.60415410995
2.55185699463
2.54390788078
2.57930397987
2.61452293396
2.54836583138
2.55275201797
2.55830621719
2.5783970356
2.55615496635
2.57749795914
2.56428909302
2.56346082687
2.58238005638
2.54742097855
2.56490492821
2.55110120773
2.57932591438
2.54715180397
