0.0108940601349
0.00659990310669
0.00646281242371
0.00659394264221
0.00670909881592
0.00623297691345
0.00619101524353
0.00611615180969
0.00604391098022
0.00592684745789
0.00600099563599
0.00582790374756
0.00596189498901
0.00584316253662
0.00597095489502
0.00594592094421
0.00588703155518
0.00598502159119
0.00624489784241
0.00582814216614
0.00591492652893
0.00627613067627
0.00596785545349
0.00638103485107
0.00624394416809
0.00587010383606
0.00612902641296
0.00578784942627
0.00646305084229
0.00822687149048
0.00813603401184
0.00878596305847
0.00853204727173
0.00973200798035
0.00824904441833
0.00918006896973
0.00793886184692
0.00859379768372
0.00895094871521
0.00852704048157
0.00793504714966
0.00877285003662
0.00782203674316
0.0082380771637
0.00948405265808
0.00664806365967
0.00658416748047
0.00647807121277
0.00648498535156
0.00648307800293
0.00661087036133
0.00698804855347
0.00697302818298
0.0068838596344
0.0065221786499
0.00671792030334
0.00608015060425
0.00622391700745
0.00687885284424
0.00852990150452
0.00970697402954
0.00848007202148
0.00747799873352
0.0100507736206
0.0102469921112
0.00876021385193
0.00875616073608
0.00878500938416
0.00978684425354
0.00941300392151
0.00837182998657
0.00899291038513
0.00679397583008
0.00654196739197
0.00646209716797
0.00658512115479
0.00699901580811
0.00654196739197
0.00644397735596
0.00644516944885
0.00637006759644
0.00621008872986
0.00621390342712
0.00632309913635
0.00664401054382
0.00907492637634
0.00780701637268
0.00801610946655
0.00789093971252
0.0089168548584
0.0097439289093
0.00918817520142
0.00846695899963
0.0105841159821
0.0087559223175
0.0081570148468
0.00895881652832
0.00846695899963
0.00786590576172
0.00754594802856
0.00713205337524
0.00711512565613
0.00705504417419
0.00702786445618
0.00693607330322
0.0066089630127
0.00693893432617
0.00670099258423
0.00634098052979
0.00628304481506
0.00612902641296
0.00637221336365
0.00907492637634
0.010479927063
0.00921607017517
0.00892901420593
0.00752782821655
0.00997304916382
0.00929284095764
0.00759887695312
0.00932908058167
0.00900793075562
0.00712585449219
0.0098569393158
0.00761103630066
0.00681304931641
0.00646495819092
0.00651001930237
0.00654721260071
0.0064868927002
0.00651478767395
0.00653600692749
0.00642514228821
0.00639390945435
0.0064218044281
0.00640296936035
0.00636911392212
0.00666284561157
0.00659799575806
0.00846695899963
0.0100719928741
0.00968098640442
0.00847291946411
0.0085780620575
0.00849509239197
0.00931596755981
0.00784087181091
0.0103449821472
0.0096287727356
0.00969910621643
0.00834894180298
0.00662922859192
0.00653481483459
0.00650405883789
0.00664520263672
0.00701308250427
0.00645589828491
0.00648283958435
0.0064709186554
0.00645089149475
0.00663900375366
0.00700187683105
0.00672912597656
0.00679612159729
0.00621294975281
0.00618004798889
0.00814294815063
0.00915598869324
0.010046005249
0.0100948810577
0.00891804695129
0.00903296470642
0.00858402252197
0.0102100372314
0.00942087173462
0.00805711746216
0.00955104827881
0.00867605209351
0.00846195220947
0.00661611557007
0.00660300254822
0.00681185722351
0.00694489479065
0.00649499893188
0.0065450668335
0.00723814964294
0.00740122795105
0.00734305381775
0.00707912445068
0.00708484649658
0.00657606124878
0.00872588157654
0.010675907135
0.00939083099365
0.00887584686279
0.00870394706726
0.00949716567993
0.0103099346161
0.00932502746582
0.00889205932617
0.0094780921936
0.0104880332947
0.0100808143616
0.00719213485718
0.00722503662109
0.00695300102234
0.00699710845947
0.00654792785645
0.00658512115479
0.00703001022339
0.00705003738403
0.0068051815033
0.00649881362915
0.00679898262024
0.00645804405212
0.00605082511902
0.00781416893005
0.00978899002075
0.00962400436401
0.00791096687317
0.0089590549469
0.00920391082764
0.00779104232788
0.00973701477051
0.0107319355011
0.00851821899414
0.00841903686523
0.0084400177002
0.00740194320679
0.00672292709351
0.00730013847351
0.00711607933044
0.006915807724
0.00646901130676
0.00648093223572
0.00645613670349
0.00629210472107
0.00625014305115
0.00625705718994
0.0065290927887
0.00596904754639
0.00579595565796
0.00602316856384
0.00599193572998
0.00827097892761
0.0101990699768
0.00869202613831
0.00862789154053
0.00872397422791
0.0101361274719
0.00906705856323
0.00864505767822
0.00929617881775
0.00979804992676
0.00701999664307
0.0105040073395
0.00751805305481
0.00689697265625
0.00682306289673
0.00723385810852
0.00676298141479
0.00684714317322
0.00719404220581
0.00716805458069
0.00734686851501
0.00732111930847
0.00769686698914
0.00655698776245
0.00654911994934
0.00694298744202
0.00677895545959
0.00848317146301
0.00894808769226
0.00988101959229
0.00888705253601
0.00788497924805
0.0101139545441
0.00890302658081
0.00820803642273
0.00930714607239
0.0106179714203
0.00939202308655
0.00718688964844
0.00694489479065
0.00667691230774
0.00698089599609
0.00661015510559
0.00715398788452
0.00703597068787
0.00691413879395
0.00626015663147
0.0061571598053
0.00610303878784
0.00600790977478
0.00589489936829
0.0059130191803
0.0058422088623
0.00582313537598
0.00592994689941
0.00904989242554
0.00909781455994
0.0100498199463
0.00897312164307
0.00874710083008
0.00818586349487
0.00811409950256
0.00782489776611
0.00973796844482
0.00876116752625
0.00789284706116
0.00860285758972
0.00771999359131
0.00656199455261
0.00660705566406
0.00654911994934
0.00656604766846
0.00652384757996
0.00648188591003
0.00635099411011
0.00634789466858
0.00655388832092
0.00637197494507
0.00671601295471
0.00662207603455
0.00646495819092
0.00661587715149
0.00861406326294
0.00908589363098
0.0092658996582
0.007080078125
0.0103509426117
0.00944709777832
0.00786399841309
0.0107378959656
0.00881004333496
0.00977683067322
0.00774097442627
0.0100009441376
0.00675821304321
0.00665402412415
0.00650095939636
0.0064709186554
0.00657486915588
0.00705003738403
0.00687885284424
0.00621700286865
0.00615215301514
0.00622296333313
0.0065221786499
0.00634002685547
0.00599598884583
0.00622987747192
0.00571298599243
0.00815987586975
0.0100049972534
0.00863099098206
0.00878095626831
0.00836682319641
0.00964403152466
0.00979685783386
0.00806999206543
0.0103011131287
0.00896501541138
0.0104598999023
0.00802707672119
0.00851082801819
0.00667405128479
0.00654196739197
0.00645804405212
0.00643706321716
0.00639700889587
0.00659894943237
0.00648093223572
0.00632882118225
0.0061309337616
0.00601601600647
0.00604891777039
0.00640106201172
0.00594592094421
0.00807619094849
0.0101890563965
0.00903606414795
0.00860500335693
0.00892519950867
0.00932502746582
0.00723195075989
0.0100400447845
0.0104110240936
0.0089168548584
0.00835204124451
0.0083270072937
0.00766611099243
0.0066089630127
0.0066499710083
0.00660300254822
0.00652480125427
0.00644302368164
0.0064959526062
0.00645399093628
0.00632905960083
0.00614404678345
0.00609803199768
0.0060408115387
0.00594997406006
0.0058319568634
0.00596404075623
0.00907516479492
0.00911211967468
0.0096161365509
0.0086190700531
0.00948405265808
0.00864481925964
0.0100338459015
0.0101158618927
0.0100331306458
0.00905084609985
0.00969195365906
0.0107669830322
0.00718903541565
0.00727200508118
0.00725197792053
0.00730800628662
0.00606608390808
0.0056300163269
0.00558495521545
0.00574588775635
0.00614404678345
0.00603008270264
0.00569987297058
0.00634503364563
0.0064058303833
0.0065290927887
0.00703382492065
0.00684094429016
0.0110409259796
0.0113549232483
0.0104579925537
0.0103230476379
0.00806307792664
0.0103321075439
0.00615501403809
0.00963878631592
0.00775098800659
0.00769686698914
0.00774502754211
0.00674605369568
0.00899815559387
0.00610399246216
0.005863904953
0.00611710548401
0.00604009628296
0.0059928894043
0.00560998916626
0.0057258605957
0.00601577758789
0.00558185577393
0.00552010536194
0.00575518608093
0.00599694252014
0.00636792182922
0.00574207305908
0.00604200363159
0.00838303565979
0.00947904586792
0.00977087020874
0.00990986824036
0.00740098953247
0.0100979804993
0.0083601474762
0.010265827179
0.0068838596344
0.0099880695343
0.00771188735962
0.00665187835693
0.00878500938416
0.00624585151672
0.00587296485901
0.00574994087219
0.00597095489502
0.00556206703186
0.00556612014771
0.00584602355957
0.00585889816284
0.00599384307861
0.00619506835938
0.00581407546997
0.00605988502502
0.00594210624695
0.00566816329956
0.00612592697144
0.0082368850708
0.00822305679321
0.00932002067566
0.00925302505493
0.00675582885742
0.00853991508484
0.00908708572388
0.00638389587402
0.0101888179779
0.00947690010071
0.00835394859314
0.00866389274597
0.00864005088806
0.00785899162292
0.0066499710083
0.00644111633301
0.00645279884338
0.0065929889679
0.00697112083435
0.00662684440613
0.00636386871338
0.0063648223877
0.0066511631012
0.00637102127075
0.00600695610046
0.00641989707947
0.00656580924988
0.00836086273193
0.0100519657135
0.00891709327698
0.00949788093567
0.00821399688721
0.00989484786987
0.0105769634247
0.00910592079163
0.00830006599426
0.00862407684326
0.0104269981384
0.00685119628906
0.00703501701355
0.00663304328918
0.00694012641907
0.0064549446106
0.00642108917236
0.00629615783691
0.00622415542603
0.0065770149231
0.00596690177917
0.00585389137268
0.00587821006775
0.00579905509949
0.00566077232361
0.00575304031372
0.00634002685547
0.00822615623474
0.00960302352905
0.00649404525757
0.00726795196533
0.00874209403992
0.00847101211548
0.00830006599426
0.010048866272
0.00932693481445
0.00753784179688
0.00838899612427
0.010418176651
0.0105528831482
0.0066249370575
0.0066499710083
0.00656890869141
0.00654602050781
0.00650596618652
0.00643706321716
0.00622200965881
0.00609302520752
0.00620293617249
0.00659608840942
0.00608420372009
0.00642609596252
0.00623083114624
0.00580310821533
0.00680685043335
0.00961995124817
0.00895714759827
0.00813984870911
0.0100600719452
0.0089750289917
0.0085461139679
0.00889587402344
0.00998210906982
0.00970101356506
0.00800895690918
0.00837802886963
0.0090639591217
0.00703883171082
0.00744009017944
0.00696802139282
0.00652408599854
0.00653100013733
0.00647401809692
0.00637602806091
0.00612688064575
0.00606393814087
0.00605702400208
0.00607299804688
0.00634598731995
0.0059130191803
0.00637006759644
0.00622391700745
0.00876212120056
0.00998997688293
0.00998783111572
0.00893592834473
0.00839614868164
0.00832915306091
0.00984477996826
0.00766611099243
0.00920796394348
0.00888991355896
0.00945496559143
0.00730085372925
0.00658106803894
0.00662803649902
0.00706887245178
0.00702691078186
0.00680708885193
0.0061731338501
0.00615906715393
0.00616598129272
0.00619792938232
0.00602102279663
0.00591897964478
0.00591111183167
0.005854845047
0.00578808784485
0.00575399398804
0.00592279434204
0.00873208045959
0.00939798355103
0.00953507423401
0.00951480865479
0.00791001319885
0.0102350711823
0.00886178016663
0.00852489471436
0.00891995429993
0.0101110935211
0.00890398025513
0.00854706764221
0.00700187683105
0.00648403167725
0.00653886795044
0.0064549446106
0.00644397735596
0.0063271522522
0.00628304481506
0.0064959526062
0.00597286224365
0.00599503517151
0.00600385665894
0.00628995895386
0.00568294525146
0.00569701194763
0.00581097602844
0.00870609283447
0.00953006744385
0.00858688354492
0.00716805458069
0.00962996482849
0.0104851722717
0.00820302963257
0.00827097892761
0.0081958770752
0.00883889198303
0.00803804397583
0.0106821060181
0.00651383399963
0.00648403167725
0.00648093223572
0.00660610198975
0.00706005096436
0.00662088394165
0.00611805915833
0.00609612464905
0.00604295730591
0.00599908828735
0.00595498085022
0.00597095489502
0.00574612617493
0.00574588775635
0.00582814216614
0.00652718544006
0.0094850063324
0.00948095321655
0.00750017166138
0.00862002372742
0.00725102424622
0.00946092605591
0.0103199481964
0.00739097595215
0.00932097434998
0.00877594947815
0.00888895988464
0.00764203071594
0.00652980804443
0.00648403167725
0.00661087036133
0.00710582733154
0.00683689117432
0.00628209114075
0.0064549446106
0.00605607032776
0.00591278076172
0.00592708587646
0.00600600242615
0.0056779384613
0.00566482543945
0.00568699836731
0.00563502311707
0.00563287734985
0.00592613220215
0.00850486755371
0.00861287117004
0.010330915451
0.00875902175903
0.00823903083801
0.00997996330261
0.00875091552734
0.00816011428833
0.00858688354492
0.00992894172668
0.00749087333679
0.00951600074768
0.00673294067383
0.00704598426819
0.00649285316467
0.00645422935486
0.00650906562805
0.00659894943237
0.0066339969635
0.00619196891785
0.00635886192322
0.00599908828735
0.00607109069824
0.00625681877136
0.00569605827332
0.00568199157715
0.00584101676941
0.00577998161316
0.00713610649109
0.0086669921875
0.00854206085205
0.00822806358337
0.00835299491882
0.00875282287598
0.00813603401184
0.0100650787354
0.00914001464844
0.00831413269043
0.0110740661621
0.00918197631836
0.00798010826111
0.00651693344116
0.00673508644104
0.0065450668335
0.0064480304718
0.00642204284668
0.00643301010132
0.00622701644897
0.00607299804688
0.00609517097473
0.00595712661743
0.00598907470703
0.00622296333313
0.00566411018372
0.00564217567444
0.0056529045105
0.00615382194519
0.00822186470032
0.0102918148041
0.00901317596436
0.0106959342957
0.00940299034119
0.00776481628418
0.0100340843201
0.00848817825317
0.008465051651
0.00877809524536
0.00968599319458
0.00760889053345
0.00647902488708
0.00652003288269
0.00667500495911
0.00708889961243
0.0069317817688
0.00663900375366
0.00651001930237
0.0059769153595
0.00594806671143
0.00611710548401
0.00641894340515
0.00615382194519
0.00587201118469
0.00629782676697
0.0085608959198
0.00855803489685
0.00772190093994
0.00757884979248
0.00866603851318
0.00806903839111
0.00896811485291
0.00970888137817
0.00791788101196
0.00900101661682
0.00827693939209
0.00945997238159
0.00720310211182
0.00722217559814
0.00700306892395
0.00647783279419
0.00656795501709
0.00706601142883
0.00682687759399
0.00655388832092
0.00647807121277
0.00626397132874
0.00577402114868
0.00567197799683
0.00574398040771
0.00577807426453
0.0060760974884
0.00565195083618
0.00803709030151
0.00861001014709
0.00752687454224
0.00798082351685
0.00920486450195
0.00925707817078
0.00730991363525
0.00995421409607
0.0103509426117
0.00741600990295
0.00960803031921
0.00893092155457
0.00859117507935
0.00814318656921
0.00664710998535
0.00714492797852
0.00660991668701
0.00641798973083
0.00641202926636
0.00629711151123
0.00613498687744
0.00605988502502
0.00616502761841
0.0063099861145
0.00582790374756
0.00571894645691
0.00572395324707
0.00587010383606
0.00833082199097
0.00959706306458
0.00718092918396
0.00934195518494
0.00775980949402
0.00945401191711
0.00831508636475
0.00871396064758
0.00958704948425
0.0091598033905
0.00825095176697
0.0103070735931
0.00704479217529
0.00663995742798
0.00700807571411
0.00663805007935
0.00646901130676
0.00641012191772
0.00632286071777
0.00610613822937
0.00614809989929
0.00648903846741
0.00628900527954
0.00581884384155
0.00567603111267
0.00578594207764
0.00608491897583
0.0057578086853
0.00824189186096
0.0102250576019
0.0104558467865
0.00869178771973
0.00751090049744
0.00972199440002
0.0100541114807
0.00826191902161
0.00887298583984
0.00890612602234
0.00959300994873
0.00740718841553
0.00724005699158
0.00655198097229
0.00654101371765
0.00649380683899
0.00645995140076
0.0063841342926
0.00615096092224
0.00606107711792
0.00615787506104
0.00604486465454
0.00592589378357
0.00596880912781
0.00639295578003
0.00617599487305
0.00617694854736
0.00964999198914
0.0111889839172
0.00991916656494
0.0100440979004
0.00863194465637
0.00907588005066
0.00836896896362
0.0088050365448
0.00818705558777
0.00988006591797
0.00883984565735
0.00821399688721
0.00669097900391
0.006511926651
0.00657796859741
0.00715613365173
0.0069420337677
0.0062689781189
0.00604796409607
0.00607705116272
0.00636506080627
0.00664901733398
0.00641107559204
0.00605010986328
0.00609993934631
0.00644111633301
0.00637102127075
0.00819301605225
0.0098569393158
0.00706696510315
0.00882792472839
0.00833797454834
0.0103869438171
0.00940203666687
0.00876808166504
0.00832295417786
0.0100400447845
0.00980377197266
0.00882482528687
0.00821399688721
0.00653195381165
0.00658392906189
0.00688314437866
0.00653100013733
0.00645899772644
0.00618195533752
0.00600910186768
0.00601506233215
0.00595712661743
0.00607705116272
0.00637102127075
0.00587511062622
0.00590085983276
0.00618600845337
0.00632309913635
0.00831413269043
0.00880599021912
0.01051902771
0.00970196723938
0.0074200630188
0.00834703445435
0.00952696800232
0.00799202919006
0.00982594490051
0.0100798606873
0.00935697555542
0.00827407836914
0.00657391548157
0.00653004646301
0.00659012794495
0.00645589828491
0.0063099861145
0.00613212585449
0.00606489181519
0.00595617294312
0.00585198402405
0.00587582588196
0.00594401359558
0.00680184364319
0.00650906562805
0.00645995140076
0.00622510910034
0.00585794448853
0.00827288627625
0.0101058483124
0.00910305976868
0.00919699668884
0.00747299194336
0.0097029209137
0.00909090042114
0.00790190696716
0.0102519989014
0.00903391838074
0.00961494445801
0.00720286369324
