574 127
381 320
573 62
509 126
380 255
316 319
318 62
509 254
574 320
574 382
446 127
381 192
254 319
510 63
317 256
380 62
316 126
382 126
573 190
444 319
381 382
572 256
510 318
508 382
253 0
1 1
63 107
192 198
92 277
192 393
179 472
480 475
280 545
565 576
375 588
446 192
508 192
446 254
446 382
446 62
318 190
254 191
192 104
63 195
82 267
192 267
182 277
92 383
182 383
635 383
82 393
455 450
565 450
169 462
279 462
269 472
540 475
280 534
375 535
365 545
480 551
540 551
455 576
179 578
269 578
280 578
365 578
169 588
1 643
635 643
318 382
254 63
254 127
254 255
574 127
381 320
573 62
509 126
380 255
316 319
318 62
509 254
574 320
574 382
446 127
381 192
254 319
510 63
317 256
380 62
316 126
382 126
573 190
444 319
381 382
572 256
510 318
508 382
253 0
1 1
63 107
192 198
92 277
192 393
179 472
480 475
280 545
565 576
375 588
446 192
508 192
446 254
446 382
446 62
318 190
254 191
192 104
63 195
82 267
192 267
182 277
92 383
182 383
635 383
82 393
455 450
565 450
169 462
279 462
269 472
540 475
280 534
375 535
365 545
480 551
540 551
455 576
179 578
269 578
280 578
365 578
169 588
1 643
635 643
318 382
254 63
254 127
254 255
574 127
381 320
573 62
509 126
380 255
316 319
318 62
509 254
574 320
574 382
446 127
381 192
254 319
510 63
317 256
380 62
316 126
382 126
573 190
444 319
381 382
572 256
510 318
508 382
253 0
1 1
63 107
192 198
92 277
192 393
179 472
480 475
280 545
565 576
375 588
446 192
508 192
446 254
446 382
446 62
318 190
254 191
192 104
63 195
82 267
192 267
182 277
92 383
182 383
635 383
82 393
455 450
565 450
169 462
279 462
269 472
540 475
280 534
375 535
365 545
480 551
540 551
455 576
179 578
269 578
280 578
365 578
169 588
1 643
635 643
318 382
254 63
254 127
254 255
574 127
381 320
573 62
509 126
380 255
316 319
318 62
509 254
574 320
574 382
446 127
381 192
254 319
510 63
317 256
380 62
316 126
382 126
573 190
444 319
381 382
572 256
510 318
508 382
253 0
1 1
63 107
192 198
92 277
192 393
179 472
480 475
280 545
565 576
375 588
446 192
508 192
446 254
446 382
446 62
318 190
254 191
192 104
63 195
82 267
192 267
182 277
92 383
182 383
635 383
82 393
455 450
565 450
169 462
279 462
269 472
540 475
280 534
375 535
365 545
480 551
540 551
455 576
179 578
269 578
280 578
365 578
169 588
1 643
635 643
318 382
254 63
254 127
254 255
574 127
381 320
573 62
509 126
380 255
316 319
318 62
509 254
574 320
574 382
446 127
381 192
254 319
510 63
317 256
380 62
316 126
382 126
573 190
444 319
381 382
572 256
510 318
508 382
253 0
1 1
63 107
192 198
92 277
192 393
179 472
480 475
280 545
565 576
375 588
446 192
508 192
446 254
446 382
446 62
318 190
254 191
192 104
63 195
82 267
192 267
182 277
92 383
182 383
635 383
82 393
455 450
565 450
169 462
279 462
269 472
540 475
280 534
375 535
365 545
480 551
540 551
455 576
179 578
269 578
280 578
365 578
169 588
1 643
635 643
318 382
254 63
254 127
254 255
574 127
381 320
573 62
509 126
380 255
316 319
318 62
509 254
574 320
574 382
446 127
381 192
254 319
510 63
317 256
380 62
316 126
382 126
573 190
444 319
381 382
572 256
510 318
508 382
253 0
1 1
63 107
192 198
92 277
192 393
179 472
480 475
280 545
565 576
375 588
446 192
508 192
446 254
446 382
446 62
318 190
254 191
192 104
63 195
82 267
192 267
182 277
92 383
182 383
635 383
82 393
455 450
565 450
169 462
279 462
269 472
540 475
280 534
375 535
365 545
480 551
540 551
455 576
179 578
269 578
280 578
365 578
169 588
1 643
635 643
318 382
254 63
254 127
254 255
574 127
381 320
573 62
509 126
380 255
316 319
318 62
509 254
574 320
574 382
446 127
381 192
254 319
510 63
317 256
380 62
316 126
382 126
573 190
444 319
381 382
572 256
510 318
508 382
253 0
1 1
63 107
192 198
92 277
192 393
179 472
480 475
280 545
565 576
375 588
446 192
508 192
446 254
446 382
446 62
318 190
254 191
192 104
63 195
82 267
192 267
182 277
92 383
182 383
635 383
82 393
455 450
565 450
169 462
279 462
269 472
540 475
280 534
375 535
365 545
480 551
540 551
455 576
179 578
269 578
280 578
365 578
169 588
1 643
635 643
318 382
254 63
254 127
254 255
574 127
381 320
573 62
509 126
380 255
316 319
318 62
509 254
574 320
574 382
446 127
381 192
254 319
510 63
317 256
380 62
316 126
382 126
573 190
444 319
381 382
572 256
510 318
508 382
253 0
1 1
63 107
192 198
92 277
192 393
179 472
480 475
280 545
565 576
375 588
446 192
508 192
446 254
446 382
446 62
318 190
254 191
192 104
63 195
82 267
192 267
182 277
92 383
182 383
635 383
82 393
455 450
565 450
169 462
279 462
269 472
540 475
280 534
375 535
365 545
480 551
540 551
455 576
179 578
269 578
280 578
365 578
169 588
1 643
635 643
318 382
254 63
254 127
254 255
574 127
381 320
573 62
509 126
380 255
316 319
318 62
509 254
574 320
574 382
446 127
381 192
254 319
510 63
317 256
380 62
316 126
382 126
573 190
444 319
381 382
572 256
510 318
508 382
253 0
1 1
63 107
192 198
92 277
192 393
179 472
480 475
280 545
565 576
375 588
446 192
508 192
446 254
446 382
446 62
318 190
254 191
192 104
63 195
82 267
192 267
182 277
92 383
182 383
635 383
82 393
455 450
565 450
169 462
279 462
269 472
540 475
280 534
375 535
365 545
480 551
540 551
455 576
179 578
269 578
280 578
365 578
169 588
1 643
635 643
318 382
254 63
254 127
254 255
574 127
381 320
573 62
509 126
380 255
316 319
318 62
509 254
574 320
574 382
446 127
381 192
254 319
510 63
317 256
380 62
316 126
382 126
573 190
444 319
381 382
572 256
510 318
508 382
253 0
1 1
63 107
192 198
92 277
192 393
179 472
480 475
280 545
565 576
375 588
446 192
508 192
446 254
446 382
446 62
318 190
254 191
192 104
63 195
82 267
192 267
182 277
92 383
182 383
635 383
82 393
455 450
565 450
169 462
279 462
269 472
540 475
280 534
375 535
365 545
480 551
540 551
455 576
179 578
269 578
280 578
365 578
169 588
1 643
635 643
318 382
254 63
254 127
254 255
