318 64
318 318
572 64
572 318
318 128
382 64
382 318
572 128
318 382
382 128
317 255
509 63
254 318
508 318
572 254
382 254
508 128
317 191
445 63
508 254
254 63
573 191
445 319
254 128
574 381
508 190
444 254
382 192
446 128
444 192
508 382
380 381
255 256
446 381
255 190
634 384
252 2
375 588
169 588
365 578
280 578
269 578
179 578
565 576
455 576
540 551
480 551
365 545
280 545
375 535
280 534
540 475
480 475
269 472
179 472
279 462
169 462
565 450
455 450
192 393
82 393
182 383
92 383
182 277
92 277
192 267
82 267
192 198
60 198
189 107
63 107
634 642
2 642
2 2
318 64
318 318
572 64
572 318
318 128
382 64
382 318
572 128
318 382
382 128
317 255
509 63
254 318
508 318
572 254
382 254
508 128
317 191
445 63
508 254
254 63
573 191
445 319
254 128
574 381
508 190
444 254
382 192
446 128
444 192
508 382
380 381
255 256
446 381
255 190
634 384
252 2
375 588
169 588
365 578
280 578
269 578
179 578
565 576
455 576
540 551
480 551
365 545
280 545
375 535
280 534
540 475
480 475
269 472
179 472
279 462
169 462
565 450
455 450
192 393
82 393
182 383
92 383
182 277
92 277
192 267
82 267
192 198
60 198
189 107
63 107
634 642
2 642
2 2
318 64
318 318
572 64
572 318
318 128
382 64
382 318
572 128
318 382
382 128
317 255
509 63
254 318
508 318
572 254
382 254
508 128
317 191
445 63
508 254
254 63
573 191
445 319
254 128
574 381
508 190
444 254
382 192
446 128
444 192
508 382
380 381
255 256
446 381
255 190
634 384
252 2
375 588
169 588
365 578
280 578
269 578
179 578
565 576
455 576
540 551
480 551
365 545
280 545
375 535
280 534
540 475
480 475
269 472
179 472
279 462
169 462
565 450
455 450
192 393
82 393
182 383
92 383
182 277
92 277
192 267
82 267
192 198
60 198
189 107
63 107
634 642
2 642
2 2
318 64
318 318
572 64
572 318
318 128
382 64
382 318
572 128
318 382
382 128
317 255
509 63
254 318
508 318
572 254
382 254
508 128
317 191
445 63
508 254
254 63
573 191
445 319
254 128
574 381
508 190
444 254
382 192
446 128
444 192
508 382
380 381
255 256
446 381
255 190
634 384
252 2
375 588
169 588
365 578
280 578
269 578
179 578
565 576
455 576
540 551
480 551
365 545
280 545
375 535
280 534
540 475
480 475
269 472
179 472
279 462
169 462
565 450
455 450
192 393
82 393
182 383
92 383
182 277
92 277
192 267
82 267
192 198
60 198
189 107
63 107
634 642
2 642
2 2
318 64
318 318
572 64
572 318
318 128
382 64
382 318
572 128
318 382
382 128
317 255
509 63
254 318
508 318
572 254
382 254
508 128
317 191
445 63
508 254
254 63
573 191
445 319
254 128
574 381
508 190
444 254
382 192
446 128
444 192
508 382
380 381
255 256
446 381
255 190
634 384
252 2
375 588
169 588
365 578
280 578
269 578
179 578
565 576
455 576
540 551
480 551
365 545
280 545
375 535
280 534
540 475
480 475
269 472
179 472
279 462
169 462
565 450
455 450
192 393
82 393
182 383
92 383
182 277
92 277
192 267
82 267
192 198
60 198
189 107
63 107
634 642
2 642
2 2
318 64
318 318
572 64
572 318
318 128
382 64
382 318
572 128
318 382
382 128
317 255
509 63
254 318
508 318
572 254
382 254
508 128
317 191
445 63
508 254
254 63
573 191
445 319
254 128
574 381
508 190
444 254
382 192
446 128
444 192
508 382
380 381
255 256
446 381
255 190
634 384
252 2
375 588
169 588
365 578
280 578
269 578
179 578
565 576
455 576
540 551
480 551
365 545
280 545
375 535
280 534
540 475
480 475
269 472
179 472
279 462
169 462
565 450
455 450
192 393
82 393
182 383
92 383
182 277
92 277
192 267
82 267
192 198
60 198
189 107
63 107
634 642
2 642
2 2
318 64
318 318
572 64
572 318
318 128
382 64
382 318
572 128
318 382
382 128
317 255
509 63
254 318
508 318
572 254
382 254
508 128
317 191
445 63
508 254
254 63
573 191
445 319
254 128
574 381
508 190
444 254
382 192
446 128
444 192
508 382
380 381
255 256
446 381
255 190
634 384
252 2
375 588
169 588
365 578
280 578
269 578
179 578
565 576
455 576
540 551
480 551
365 545
280 545
375 535
280 534
540 475
480 475
269 472
179 472
279 462
169 462
565 450
455 450
192 393
82 393
182 383
92 383
182 277
92 277
192 267
82 267
192 198
60 198
189 107
63 107
634 642
2 642
2 2
318 64
318 318
572 64
572 318
318 128
382 64
382 318
572 128
318 382
382 128
317 255
509 63
254 318
508 318
572 254
382 254
508 128
317 191
445 63
508 254
254 63
573 191
445 319
254 128
574 381
508 190
444 254
382 192
446 128
444 192
508 382
380 381
255 256
446 381
255 190
634 384
252 2
375 588
169 588
365 578
280 578
269 578
179 578
565 576
455 576
540 551
480 551
365 545
280 545
375 535
280 534
540 475
480 475
269 472
179 472
279 462
169 462
565 450
455 450
192 393
82 393
182 383
92 383
182 277
92 277
192 267
82 267
192 198
60 198
189 107
63 107
634 642
2 642
2 2
318 64
318 318
572 64
572 318
318 128
382 64
382 318
572 128
318 382
382 128
317 255
509 63
254 318
508 318
572 254
382 254
508 128
317 191
445 63
508 254
254 63
573 191
445 319
254 128
574 381
508 190
444 254
382 192
446 128
444 192
508 382
380 381
255 256
446 381
255 190
634 384
252 2
375 588
169 588
365 578
280 578
269 578
179 578
565 576
455 576
540 551
480 551
365 545
280 545
375 535
280 534
540 475
480 475
269 472
179 472
279 462
169 462
565 450
455 450
192 393
82 393
182 383
92 383
182 277
92 277
192 267
82 267
192 198
60 198
189 107
63 107
634 642
2 642
2 2
318 64
318 318
572 64
572 318
318 128
382 64
382 318
572 128
318 382
382 128
317 255
509 63
254 318
508 318
572 254
382 254
508 128
317 191
445 63
508 254
254 63
573 191
445 319
254 128
574 381
508 190
444 254
382 192
446 128
444 192
508 382
380 381
255 256
446 381
255 190
634 384
252 2
375 588
169 588
365 578
280 578
269 578
179 578
565 576
455 576
540 551
480 551
365 545
280 545
375 535
280 534
540 475
480 475
269 472
179 472
279 462
169 462
565 450
455 450
192 393
82 393
182 383
92 383
182 277
92 277
192 267
82 267
192 198
60 198
189 107
63 107
634 642
2 642
2 2
